split=0.1, train_len=6000, eval_len=54000, epoch=0, train_accuracy=0.547, eval_accuracy=0.5807592592592593
split=0.1, train_len=6000, eval_len=54000, epoch=1, train_accuracy=0.6185, eval_accuracy=0.5965555555555555
split=0.8, train_len=48000, eval_len=12000, epoch=0, train_accuracy=0.6145416666666667, eval_accuracy=0.6503333333333333
split=0.8, train_len=48000, eval_len=12000, epoch=1, train_accuracy=0.6569791666666667, eval_accuracy=0.6665
