split=0.1, train_len=6000, eval_len=54000, epoch=0, train_accuracy=0.5481666666666667, eval_accuracy=0.5769814814814814
split=0.1, train_len=6000, eval_len=54000, epoch=1, train_accuracy=0.6168333333333333, eval_accuracy=0.5916851851851852
split=0.8, train_len=48000, eval_len=12000, epoch=0, train_accuracy=0.6081041666666667, eval_accuracy=0.6438333333333334
split=0.8, train_len=48000, eval_len=12000, epoch=1, train_accuracy=0.6495625, eval_accuracy=0.655
