split=0.1, train_len=6000, eval_len=54000, epoch=0, train_accuracy=0.753, eval_accuracy=0.8009259259259259
split=0.1, train_len=6000, eval_len=54000, epoch=1, train_accuracy=0.8473333333333334, eval_accuracy=0.8272777777777778
split=0.8, train_len=48000, eval_len=12000, epoch=0, train_accuracy=0.8362708333333333, eval_accuracy=0.876
split=0.8, train_len=48000, eval_len=12000, epoch=1, train_accuracy=0.884625, eval_accuracy=0.8885833333333333
