split=0.1, train_len=6000, eval_len=54000, epoch=0, train_accuracy=0.5366666666666666, eval_accuracy=0.5757222222222222
split=0.1, train_len=6000, eval_len=54000, epoch=1, train_accuracy=0.6226666666666667, eval_accuracy=0.5932777777777778
split=0.8, train_len=48000, eval_len=12000, epoch=0, train_accuracy=0.6125625, eval_accuracy=0.6568333333333334
split=0.8, train_len=48000, eval_len=12000, epoch=1, train_accuracy=0.6632916666666666, eval_accuracy=0.6755833333333333
