split=0.1, train_len=6000, eval_len=54000, epoch=0, train_accuracy=0.8901666666666667, eval_accuracy=0.9405740740740741
split=0.1, train_len=6000, eval_len=54000, epoch=1, train_accuracy=0.9888333333333333, eval_accuracy=0.9482777777777778
split=0.8, train_len=48000, eval_len=12000, epoch=0, train_accuracy=0.955875, eval_accuracy=0.97375
split=0.8, train_len=48000, eval_len=12000, epoch=1, train_accuracy=0.9928125, eval_accuracy=0.97575
