split=0.1, train_len=6000, eval_len=54000, epoch=0, train_accuracy=0.6306666666666667, eval_accuracy=0.6562962962962963
split=0.1, train_len=6000, eval_len=54000, epoch=1, train_accuracy=0.7006666666666667, eval_accuracy=0.6731296296296296
split=0.8, train_len=48000, eval_len=12000, epoch=0, train_accuracy=0.6855208333333334, eval_accuracy=0.7151666666666666
split=0.8, train_len=48000, eval_len=12000, epoch=1, train_accuracy=0.7276875, eval_accuracy=0.7253333333333334
