split=0.1, train_len=6000, eval_len=54000, epoch=0, train_accuracy=0.7901666666666667, eval_accuracy=0.8445925925925926
split=0.1, train_len=6000, eval_len=54000, epoch=1, train_accuracy=0.9208333333333333, eval_accuracy=0.8641296296296296
split=0.8, train_len=48000, eval_len=12000, epoch=0, train_accuracy=0.8734583333333333, eval_accuracy=0.9064166666666666
split=0.8, train_len=48000, eval_len=12000, epoch=1, train_accuracy=0.9247916666666667, eval_accuracy=0.9101666666666667
