split=0.1, train_len=6000, eval_len=54000, epoch=0, train_accuracy=0.7686666666666667, eval_accuracy=0.8291481481481482
split=0.1, train_len=6000, eval_len=54000, epoch=1, train_accuracy=0.9086666666666666, eval_accuracy=0.849
split=0.8, train_len=48000, eval_len=12000, epoch=0, train_accuracy=0.8615, eval_accuracy=0.897
split=0.8, train_len=48000, eval_len=12000, epoch=1, train_accuracy=0.9158958333333334, eval_accuracy=0.902
