split=0.1, train_len=6000, eval_len=54000, epoch=0, train_accuracy=0.9036666666666666, eval_accuracy=0.9411296296296296
split=0.1, train_len=6000, eval_len=54000, epoch=1, train_accuracy=0.9645, eval_accuracy=0.9505
split=0.8, train_len=48000, eval_len=12000, epoch=0, train_accuracy=0.9526041666666667, eval_accuracy=0.9696666666666667
split=0.8, train_len=48000, eval_len=12000, epoch=1, train_accuracy=0.9749375, eval_accuracy=0.9715833333333334
