split=0.1, train_len=6000, eval_len=54000, epoch=0, train_accuracy=0.9183333333333333, eval_accuracy=0.950037037037037
split=0.1, train_len=6000, eval_len=54000, epoch=1, train_accuracy=0.9931666666666666, eval_accuracy=0.9565555555555556
split=0.8, train_len=48000, eval_len=12000, epoch=0, train_accuracy=0.9566875, eval_accuracy=0.96975
split=0.8, train_len=48000, eval_len=12000, epoch=1, train_accuracy=0.9866458333333333, eval_accuracy=0.9715
