split=0.1, train_len=6000, eval_len=54000, epoch=0, train_accuracy=0.8693333333333333, eval_accuracy=0.9163333333333333
split=0.1, train_len=6000, eval_len=54000, epoch=1, train_accuracy=0.9458333333333333, eval_accuracy=0.9282407407407407
split=0.8, train_len=48000, eval_len=12000, epoch=0, train_accuracy=0.9307708333333333, eval_accuracy=0.9539166666666666
split=0.8, train_len=48000, eval_len=12000, epoch=1, train_accuracy=0.9594166666666667, eval_accuracy=0.9575833333333333
