split=0.1, train_len=6000, eval_len=54000, epoch=0, train_accuracy=0.899, eval_accuracy=0.9446111111111111
split=0.1, train_len=6000, eval_len=54000, epoch=1, train_accuracy=0.9875, eval_accuracy=0.9526481481481481
split=0.8, train_len=48000, eval_len=12000, epoch=0, train_accuracy=0.9589375, eval_accuracy=0.9770833333333333
split=0.8, train_len=48000, eval_len=12000, epoch=1, train_accuracy=0.9925833333333334, eval_accuracy=0.98
